-138219995.66827753
-139123842.43947002
-140083882.99490532
-141108688.63910574
-142211683.6812591
-143351263.96449834
-144577441.74341726
-145830589.42852008
-147151400.8104587
-148516871.1774621
-149940529.92638046
-151384935.7347794
-152873083.11310503
-154404554.69441208
-155965155.7886256
-157568153.46468994
-159185375.5832252
-160829801.3660262
-162505761.01478398
-164179402.43543777
-165892389.75602978
-167615573.16168037
-169342646.68794775
-171101845.98682705
-172853244.81649768
-174614591.43990096
-176384366.57487908
-178151657.23679045
-179924423.52291176
-181686039.9367838
-183459309.37249625
-185222426.19917446
-186973106.12500462
-188724337.50940046
-190458510.33884463
-192188477.79150006
-193890934.25495702
-195594430.06580472
-197270046.0955123
-198925357.84984016
-200567799.54965764
-202178582.59107128
-203775674.01471752
-205329253.95544124
-206868011.50282058
-208372317.20509604
-209844554.2843447
-211275674.72735858
-212683576.12683713
-214048883.62222886
-215362210.39895564
-216647610.93314198
-217884568.29480496
-219075963.87712073
-220212278.5940833
-221306883.10769513
-222350246.29584816
-223334246.06384575
-224261004.7732785
-225132600.06705415
-225946293.35633168
-226699555.37844452
-227394732.2493931
-228017564.16083986
-228577783.5268269
-229078173.54660556
-229499922.3127261
-229858201.70474532
-230144126.37528166
-230351188.78015035
-230486061.79818314
-230549229.30666992
-230538538.69358602
-230449993.73458338
-230295726.51940054
-230053687.83340222
-229733101.08133996
-229342119.69875783
-228881224.3134415
-228325380.78669858
-227709407.85651594
-227008519.5044059
-226236830.92524353
-225395715.90984184
-224473850.92902693
-223476963.56767228
-222420219.77758172
-221284028.8112869
-220092312.6502749
-218816911.0995717
-217495669.3719215
-216096084.76008275
-214656129.5944973
-213143897.54218012
-211584233.8848017
-209967463.07837775
-208305434.46713564
-206588640.16058445
-204833776.7270452
-203031126.7995182
-201197086.2020301
-199323078.85645407
-197420442.97226366
-195497560.6865043
-193544930.6036186
-191574841.2718245
-189573778.99164692
-187570706.62355652
-185552046.79033905
-183521024.1981151
-181497965.584989
-179464715.24053794
-177432730.26860896
-175413157.2539087
-173404654.42685997
-171413515.6838212
-169434270.61043897
-167477262.9902725
-165536432.41293418
-163633487.83494282
-161766088.08777994
-159908482.62162817
-158123687.97801527
-156362775.42942232
-154645719.5259759
-152973199.8072264
-151341961.62984294
-149796737.08859283
-148267329.96901274
-146823245.7345796
-145438495.9197003
-144130229.6009387
-142876300.0120266
-141676258.84153074
-140567266.6734596
-139547503.17113918
-138578795.02950945
-137692985.76220295
-136908691.58628303
-136183954.62137535
-135561123.14198515
-135010803.02433854
-134551016.88681495
-134183830.08796193
-133903524.59094764
-133712551.3255758
-133601107.9347843
-133594764.37327303
-133664767.40999413
-133813998.55141921
-134078214.75898287
-134400505.63008687
-134835162.98193538
-135325709.9668302
-135922294.6093974
-136595705.48054117
-137336399.19479
-138152680.36647508
-139039424.78501666
-140000632.86518306
-141031352.77182114
-142112691.9043229
-143271954.50262785
-144467440.75594342
-145735660.14668936
-147057732.53627262
-148406336.4019703
-149812933.393732
-151277422.39594004
-152767185.26331693
-154281665.17535552
-155839048.05035284
-157429926.82424456
-159062827.4528693
-160690199.02596083
-162368179.8822929
-164057902.72133014
-165763473.4928287
-167483769.36550903
-169203627.4668632
-170965384.55090845
-172714166.95823324
-174473077.709988
-176245752.32809293
-178016125.87209275
-179786862.22540578
-181541445.53252277
-183318106.64347842
-185079669.62592643
-186839064.93812847
-188589130.24940062
-190322440.3082108
-192041264.65753525
-193763861.6596635
-195456529.73077804
-197142467.26837432
-198797801.20479247
-200435321.32678685
-202046612.9115673
-203639194.71923193
-205209579.63388556
-206744404.98730716
-208255825.51835307
-209729722.8082825
-211173747.24492797
-212573470.67675442
-213941203.39908454
-215263130.46405777
-216551451.07505018
-217781231.12878418
-218982138.63506868
-220121899.5301454
-221226688.91404614
-222263880.93085015
-223258535.14857224
-224189545.92584378
-225072358.76297018
-225892556.0763367
-226645688.20300996
-227340878.6065029
-227975813.30166787
-228536232.35357884
-229032229.5045522
-229466600.1125411
-229825503.21542424
-230119484.70906526
-230339717.35195288
-230475349.58239225
-230547179.14134303
-230541845.31991667
-230462127.85942447
-230308677.3915883
-230080199.98274246
-229768431.23178267
-229378281.72256696
-228918097.50155172
-228371191.78713945
-227755661.92461312
-227068072.24966165
-226296680.23529258
-225455686.8330043
-224542341.52907893
-223558351.40870872
-222505632.19220066
-221381933.6316239
-220185110.7255924
-218921970.9983489
-217603847.18826932
-216215975.14751884
-214770113.31506196
-213260383.91551736
-211711714.21839678
-210096867.258052
-208428040.53744712
-206725700.08256018
-204971867.42717206
-203178939.20517385
-201341394.81674805
-199484583.70886412
-197577815.84158173
-195654620.3924952
-193697423.80121398
-191726456.0795071
-189737128.91365832
-187732703.192093
-185712441.38555932
-183679523.01248497
-181654555.45543087
-179619055.95942667
-177596962.89013305
-175574699.60245568
-173554890.8410402
-171569097.0788608
-169586648.3801005
-167630139.96176416
-165689612.354149
-163783043.7048493
-161911830.47332603
-160054201.39570916
-158257746.15210515
-156492816.41665688
-154764086.218471
-153110035.20202708
-151478336.58286965
-149910425.58099523
-148402340.93240887
-146935982.42779124
-145547034.20393226
-144216957.06733125
-142962673.6765512
-141783188.24334684
-140652883.7669651
-139612360.33840054
-138643292.22712156
-137773723.64533105
-136952861.09018385
-136248082.30346024
-135601518.034417
-135055254.4193046
-134595535.10645884
-134209213.3142704
