-14332017.85859256
-14425737.64206912
-14525284.1535485
-14631546.15075993
-14745915.5990127
-14864078.56734242
-14991220.82154601
-15121159.58268916
-15258114.38595227
-15399699.87501739
-15547318.91172325
-15697089.20900144
-15851395.06539553
-16010193.2041677
-16172011.77928968
-16338226.45184526
-16505916.05545214
-16676426.40435127
-16850206.4967333
-17023746.21226952
-17201365.70032961
-17380042.41945414
-17559122.50480569
-17741533.70838344
-17923136.08207038
-18105769.94151841
-18289277.75250889
-18472527.9487296
-18656345.91189014
-18839007.74588554
-19022877.88057807
-19205695.29223088
-19387223.12284878
-19568808.13415152
-19748624.34555648
-19928004.50185272
-20104532.04636444
-20281167.36070565
-20454911.82326191
-20626550.93748603
-20796855.55701427
-20963877.49334296
-21129479.74716184
-21290570.29956383
-21450123.91944682
-21606105.23087398
-21758761.34990985
-21907154.08894811
-22053139.2476287
-22194707.8485523
-22330886.5738316
-22464169.62974788
-22592429.61783396
-22715965.30946701
-22833789.67154827
-22947289.1067156
-23055475.333848
-23157506.1737392
-23253601.69385536
-23343977.32478677
-23428349.10252384
-23506454.76806756
-23578537.589957
-23643118.9700576
-23701208.06143136
-23753093.45373698
-23796824.5421273
-23833974.49731257
-23863621.99849014
-23885092.27903872
-23899077.249113
-23905627.08190194
-23904518.57327483
-23895337.3551191
-23879341.40263548
-23854244.43491076
-23821002.82588328
-23780462.00448872
-23732671.80697526
-23675036.44594558
-23611166.27294272
-23538491.22812917
-23458474.91468368
-23371259.78084155
-23275671.69096808
-23172304.5377797
-23062730.87733854
-22944919.34695194
-22821350.41454517
-22689104.15225021
-22552104.72648228
-22406981.93470022
-22257673.12414091
-22100869.93025165
-21939148.55786359
-21771505.75076548
-21599170.16630358
-21421155.932241
-21239194.31411712
-21052277.71909629
-20862106.22857138
-20667790.58983856
-20470506.46073137
-20271122.98422183
-20068654.96153207
-19864376.59102728
-19656886.638528
-19449188.26020926
-19239873.61915305
-19029277.08482224
-18819506.33470669
-18608678.80496491
-18397982.48157643
-18188573.15282141
-17980311.69074337
-17773850.70884134
-17568622.980385
-17365701.05128191
-17164456.51817056
-16967140.38063328
-16773509.88313492
-16580894.95367854
-16395829.77130384
-16213240.92103052
-16035199.56201141
-15861776.15563615
-15692633.22825547
-15532409.04640929
-15373824.97147207
-15224088.018167
-15080503.44503358
-14944849.43814672
-14814829.60147391
-14690397.4496464
-14575406.15999262
-14469666.98198054
-14369221.72933474
-14277372.2528754
-14196048.86633261
-14120900.96118604
-14056319.62588534
-13999256.98660569
-13951581.80688758
-13913508.2435572
-13884443.39393362
-13864641.39468894
-13853085.84037624
-13852428.07710236
-13859686.68514667
-13875160.44763394
-13902557.00040493
-13935975.3093695
-13981044.88775389
-14031909.65673322
-14093769.46008581
-14163595.36758016
-14240397.82650831
-14325037.9415196
-14416984.38371922
-14516651.955724
-14623527.20223028
-14735651.1513252
-14855854.97698281
-14979814.82989252
-15111316.37472259
-15248401.93174528
-15388238.53493642
-15534088.43970818
-15685941.16139203
-15840414.52768815
-15997450.8019325
-16158935.6802181
-16323893.74499038
-16493209.05177799
-16661951.05133708
-16835940.72253519
-17011147.91877381
-17187998.38558236
-17366375.69669507
-17544707.6153417
-17727384.03541363
-17908715.11252293
-18091096.3966775
-18274904.85479037
-18458474.7147539
-18642082.1943797
-18824014.7662222
-19008236.58338962
-19190892.87708588
-19373324.40526593
-19554788.5065603
-19734515.25736244
-19912739.98636202
-20091355.90136256
-20266868.48842778
-20441683.18712949
-20613324.60141239
-20783118.90301657
-20950193.57015732
-21115328.22233527
-21278161.28084365
-21437307.171919
-21594026.21924686
-21746854.48536616
-21896585.23824446
-22041722.42425749
-22183542.4967256
-22320612.98505366
-22454198.82344892
-22581714.59717645
-22706236.57927732
-22824418.27523084
-22938973.77860424
-23046520.11758185
-23149655.71632496
-23246192.13294026
-23337730.90984672
-23422777.08920669
-23500869.28590496
-23572953.5109826
-23638789.82754554
-23696899.62433326
-23748329.52050126
-23793369.36644284
-23830583.99414671
-23861066.90652554
-23883902.8077687
-23897966.50050331
-23905414.50045932
-23904861.43703628
-23896595.54133941
-23880684.27730844
-23856993.47708788
-23824666.20573396
-23784211.64120756
-23736495.18425106
-23679786.58410948
-23615962.35274866
-23544666.24647154
-23464680.68380052
-23377478.16001025
-23282773.47460181
-23180743.63507215
-23071587.2822729
-22955071.08821577
-22830972.63791642
-22699997.80289907
-22563321.67369968
-22419413.35727045
-22269492.08499982
-22112948.39093225
-21952366.98121016
-21784923.6575242
-21611883.17776607
-21435367.66217165
-21253512.92533364
-21067604.37301012
-20877069.5747449
-20684537.01221977
-20486824.43818911
-20287408.48980475
-20084466.96630522
-19880097.51563611
-19673824.37599607
-19465985.66858762
-19256504.91907463
-19045711.8114125
-18835743.12308739
-18624682.37904062
-18415011.74607081
-18205323.4631734
-17995889.68986449
-17789982.92850602
-17584423.01644695
-17381552.8495329
-17180339.73132257
-16982647.81418509
-16788621.89686565
-16596004.51913876
-16409730.25028922
-16226724.85830301
-16047472.99280194
-15875964.60436594
-15706773.93382266
-15544197.39508887
-15387824.24508761
-15235777.6748814
-15091757.7691307
-14953842.20067112
-14823785.67831716
-14701484.94888287
-14584283.78806075
-14476392.01532288
-14375909.43745929
-14285743.95609578
-14200628.79788051
-14127550.35428164
-14060508.16833848
-14003866.14741063
-13956197.89673684
-13916140.22781536
