3.6494995117187523
13.29364013671872
19.140515136718754
34.09051513671897
3.650793457031252
13.278918457031219
19.166418457031252
34.04141845703146
3.652246093750002
13.262792968749968
19.194042968750004
33.994042968750215
3.6538818359375016
13.244897460937471
19.226147460937508
33.97614746093772
3.655664062500002
13.225195312499968
19.261132812500005
33.91113281250021
3.6576049804687525
13.204479980468719
19.299792480468753
33.89979248046896
3.6597167968750015
13.181591796874967
19.340966796875005
33.84096679687521
3.6619628906250017
13.15805664062497
19.383056640625007
33.78305664062521
3.6643798828125016
13.13273925781247
19.42961425781251
33.72961425781271
3.666931152343752
13.10638427734372
19.47982177734376
33.67982177734396
3.6696289062500025
13.07861328124997
19.53173828125001
33.63173828125021
3.672473144531252
13.050207519531222
19.584582519531264
33.53458251953146
3.675451660156252
13.020764160156219
19.64107666015626
33.49107666015646
3.6785644531250017
12.99028320312497
19.699658203125015
33.399658203125206
3.681799316406252
12.959143066406222
19.762268066406264
33.33726806640646
3.685168457031252
12.926965332031221
19.823840332031264
33.273840332031455
3.688647460937502
12.894506835937472
19.889819335937514
33.1898193359377
3.692248535156252
12.861389160156222
19.956701660156263
33.10670166015645
3.695959472656252
12.827600097656221
20.026037597656266
33.02603759765645
3.699768066406252
12.793908691406221
20.097033691406267
32.94703369140645
3.703686523437502
12.759350585937472
20.168725585937523
32.843725585937705
3.7076904296875024
12.72468261718747
20.24343261718752
32.7684326171877
3.711791992187502
12.689916992187472
20.31960449218752
32.669604492187695
3.715966796875002
12.65463867187497
20.396826171875016
32.57182617187519
3.7202148437500027
12.619628906249972
20.475878906250024
32.475878906250195
3.724536132812502
12.584497070312471
20.556372070312523
32.38137207031269
3.728930664062502
12.549243164062469
20.63674316406252
32.286743164062685
3.733374023437502
12.514233398437474
20.72048339843753
32.195483398437695
3.737866210937502
12.479272460937473
20.804272460937526
32.07927246093769
3.742395019531252
12.444738769531222
20.88848876953128
31.988488769531436
3.7469726562500023
12.410058593749971
20.97568359375003
31.875683593750185
3.751574707031252
12.375793457031222
21.06173095703128
31.761730957031432
3.7562011718750017
12.341943359374973
21.149755859375034
31.674755859375182
3.760839843750002
12.308300781249972
21.239550781250035
31.56455078125018
3.765478515625002
12.275244140624974
21.328369140625036
31.453369140625178
3.7701293945312524
12.242395019531225
21.417395019531288
31.342395019531427
3.7747680664062524
12.210314941406224
21.50718994140629
31.232189941406425
3.779394531250002
12.178417968749974
21.60029296875004
31.125292968750173
3.783996582031252
12.147277832031223
21.69102783203129
31.01602783203142
3.788574218750002
12.116699218749973
21.78232421875004
30.90732421875017
3.793103027343752
12.086657714843724
21.87728271484379
30.802282714843916
3.797595214843752
12.057360839843724
21.969860839843793
30.694860839843916
3.8020263671875023
12.028588867187473
22.059838867187544
30.584838867187663
3.8064086914062525
12.000744628906224
22.1538696289063
30.478869628906416
3.8107177734375024
11.973413085937473
22.24528808593755
30.370288085937663
3.8149414062500027
11.946972656249974
22.340722656250048
30.26572265625016
3.819091796875002
11.921240234374974
22.430615234375054
30.155615234375162
3.8231567382812526
11.896398925781224
22.5213989257813
30.046398925781403
3.8271118164062523
11.872229003906222
22.6159790039063
29.940979003906403
3.830969238281252
11.848937988281225
22.705187988281306
29.830187988281406
3.8347167968750018
11.826708984374974
22.795458984375056
29.732958984375152
3.8383422851562528
11.805139160156225
22.88326416015631
29.633264160156404
3.8418334960937526
11.784606933593725
22.972106933593807
29.5346069335939
3.845202636718753
11.764929199218724
23.055554199218808
29.430554199218896
3.8484375000000024
11.746289062499974
23.14003906250006
29.340039062500146
3.8515258789062523
11.728479003906227
23.222229003906314
29.247229003906398
3.8544555664062523
11.711682128906224
23.30543212890631
29.155432128906394
3.857238769531252
11.695910644531224
23.38341064453131
29.070910644531388
3.859863281250002
11.681152343749973
23.456152343750063
28.98115234375014
3.862316894531252
11.667395019531225
23.529895019531317
28.90489501953139
3.864599609375002
11.654638671874975
23.598388671875068
28.82338867187514
3.866711425781252
11.642883300781225
23.661633300781318
28.76163330078139
3.8686401367187524
11.632116699218724
23.725866699218816
28.688366699218886
3.8703857421875023
11.622534179687475
23.778784179687573
28.628784179687642
3.871948242187502
11.613940429687474
23.83269042968757
28.570190429687635
3.8733154296875023
11.606323242187475
23.87507324218757
28.525073242187638
3.8744995117187524
11.599890136718725
23.91864013671882
28.468640136718886
3.875488281250002
11.594433593749974
23.95068359375007
28.438183593750132
3.8762695312500024
11.590136718749973
23.977636718750066
28.402636718750127
3.876855468750002
11.587011718749975
23.99951171875007
28.37451171875013
3.8772583007812518
11.584875488281224
24.01612548828132
28.366125488281384
3.877441406250002
11.583886718749975
24.02138671875007
28.358886718750128
3.877441406250002
11.583886718749975
24.02138671875007
28.358886718750128
3.877233886718752
11.585046386718725
24.01004638671882
28.36004638671888
3.876818847656252
11.587170410156224
23.99967041015632
28.37467041015638
3.876220703125002
11.590478515624975
23.977978515625068
28.40297851562513
3.875415039062502
11.594946289062474
23.951196289062572
28.438696289062634
3.8744140625000023
11.600390624999974
23.91289062500007
28.475390625000134
3.8732177734375024
11.606811523437475
23.87556152343757
28.525561523437638
3.871826171875002
11.614599609374975
23.82709960937507
28.57709960937514
3.8702514648437525
11.623181152343726
23.77318115234382
28.62318115234389
3.8684936523437523
11.632946777343726
23.720446777343817
28.695446777343886
3.866552734375002
11.643701171874977
23.656201171875068
28.75620117187514
3.864428710937502
11.655444335937476
23.592944335937567
28.83044433593764
3.862121582031252
11.668371582031225
23.52462158203132
28.899621582031394
3.859655761718752
11.682312011718725
23.451062011718815
28.98856201171889
3.857031250000002
11.697070312499974
23.37519531250006
29.075195312500142
3.854235839843752
11.713024902343724
23.297399902343813
29.159899902343895
3.8512817382812523
11.729797363281227
23.21729736328131
29.254797363281394
3.8481811523437526
11.747790527343726
23.13529052734381
29.347790527343896
3.8449462890625026
11.766430664062474
23.047680664062558
29.44768066406265
3.8415649414062525
11.786291503906224
22.964416503906307
29.5394165039064
3.8380493164062526
11.806799316406225
22.87554931640631
29.638049316406406
3.834423828125002
11.828369140624973
22.78774414062506
29.737744140625157
3.830664062500002
11.850781249999972
22.69765625000005
29.847656250000153
3.826806640625002
11.874072265624974
22.608447265625053
29.945947265625154
3.8228271484375025
11.898217773437477
22.516967773437553
30.054467773437658
3.8187622070312526
11.923254394531224
22.423254394531302
30.16075439453141
3.8146118164062526
11.948986816406224
22.3333618164063
30.25836181640641
3.810375976562502
11.975610351562473
22.238110351562547
30.37561035156266
3.8060546875000023
12.002929687499973
22.146679687500047
30.484179687500163
3.801684570312502
12.030981445312474
22.052856445312546
30.590356445312665
3.7972412109375018
12.059741210937474
21.962866210937545
30.700366210937666
3.792749023437502
12.089038085937473
21.870288085937542
30.807788085937666
3.7882080078125018
12.119067382812474
21.775317382812545
30.925317382812676
3.783630371093752
12.149645996093724
21.684020996093793
31.034020996093926
3.7790283203125017
12.180981445312474
21.593481445312538
31.143481445312673
3.7744018554687524
12.212683105468724
21.501745605468784
31.251745605468923
3.7697631835937524
12.244958496093725
21.41058349609379
31.36058349609393
3.765112304687502
12.277807617187472
21.321557617187533
31.459057617187675
3.7604736328125017
12.310864257812474
21.232739257812536
31.55773925781268
3.7558349609375017
12.344506835937473
21.142944335937532
31.66794433593768
3.7512084960937524
12.378552246093724
21.05511474609378
31.78011474609393
3.7466064453125023
12.412817382812472
20.969067382812533
31.894067382812686
3.742041015625002
12.447314453124973
20.88168945312503
31.98168945312519
3.737500000000002
12.482031249999972
20.797656250000028
32.097656250000185
3.733007812500002
12.516992187499973
20.71386718750003
32.18886718750019
3.728576660156252
12.55201416015622
20.630139160156272
32.28013916015644
3.724194335937502
12.587280273437472
20.549780273437523
32.39978027343769
3.7198730468750023
12.62241210937497
20.46928710937502
32.49428710937519
3.7156250000000024
12.657421874999972
20.391796875000022
32.59179687500019
3.711462402343752
12.692712402343723
20.314587402343772
32.66458740234395
3.707373046875002
12.72729492187497
20.23823242187502
32.7632324218752
3.7033691406250018
12.761962890624972
20.16352539062502
32.8635253906252
3.6994628906250018
12.79633789062497
20.091650390625013
32.9416503906252
3.6956542968750017
12.830419921874972
20.021044921875017
33.0210449218752
3.691955566406252
12.864221191406221
19.951721191406264
33.101721191406455
3.6883666992187525
12.89696044921872
19.88446044921876
33.184460449218946
3.684899902343752
12.929821777343719
19.82044677734376
33.270446777343956
3.681542968750002
12.961621093749972
19.756933593750013
33.356933593750206
3.678308105468752
12.99276123046872
19.695886230468762
33.42088623046896
3.6752075195312517
13.02286376953122
19.63692626953126
33.48692626953146
3.6722412109375018
13.052319335937472
19.58044433593751
33.55544433593771
3.669409179687502
13.08112792968747
19.526440429687508
33.626440429687705
3.6667236328125017
13.10852050781247
19.475708007812507
33.67570800781271
3.6641845703125018
13.134497070312468
19.426684570312503
33.726684570312706
3.661779785156252
13.15982666015622
19.380139160156258
33.78013916015646
3.659533691406252
13.18375244140622
19.33687744140626
33.836877441406465
3.657446289062502
13.205883789062469
19.296508789062504
33.89650878906271
3.6555175781250018
13.227001953124969
19.258251953125004
33.933251953125215
3.6537353515625015
13.24631347656247
19.224438476562504
33.97443847656272
3.652124023437502
13.264233398437469
19.192358398437502
33.99235839843771
3.650683593750002
13.28037109374997
19.164746093750004
34.03974609375022
3.6494018554687524
13.294714355468718
19.138464355468752
34.088464355468965
3.648291015625002
13.30727539062497
19.116650390625008
34.11665039062522
3.647338867187502
13.318041992187469
19.0977294921875
34.09772949218771
3.6465698242187528
13.327038574218722
19.081726074218757
34.131726074218975
3.6459594726562523
13.33385009765622
19.069787597656255
34.169787597656466
3.645532226562502
13.33889160156247
19.060766601562506
34.16076660156272
3.6452758789062525
13.342150878906219
19.05621337890625
34.156213378906465
3.6451904296875024
13.34284667968747
19.055346679687503
34.15534667968772
3.6452758789062525
13.342150878906219
19.05621337890625
34.156213378906465
3.645532226562502
13.33889160156247
19.060766601562506
34.16076660156272
3.6459594726562523
13.33424072265622
19.070178222656253
34.17017822265647
3.6465698242187528
13.327038574218722
19.081726074218757
34.131726074218975
3.647338867187502
13.318041992187469
19.0977294921875
34.09772949218771
3.648291015625002
13.30727539062497
19.116650390625008
34.11665039062522
3.6494018554687524
13.294714355468718
19.138464355468752
34.088464355468965
3.650683593750002
13.28037109374997
19.164746093750004
34.03974609375022
3.652124023437502
13.264233398437469
19.192358398437502
33.99235839843771
3.6537353515625015
13.24631347656247
19.224438476562504
33.97443847656272
3.6555175781250018
13.227001953124969
19.258251953125004
33.933251953125215
3.657446289062502
13.205883789062469
19.296508789062504
33.89650878906271
3.659533691406252
13.18375244140622
19.33687744140626
33.836877441406465
3.661779785156252
13.15982666015622
19.380139160156258
33.78013916015646
3.6641845703125018
13.134497070312468
19.426684570312503
33.726684570312706
3.6667236328125017
13.10852050781247
19.475708007812507
33.67570800781271
3.669409179687502
13.08112792968747
19.526440429687508
33.626440429687705
3.6722412109375018
13.052319335937472
19.58044433593751
33.55544433593771
3.6752075195312517
13.02286376953122
19.63692626953126
33.48692626953146
3.678308105468752
12.99276123046872
19.695886230468762
33.42088623046896
3.681542968750002
12.961621093749972
19.756933593750013
33.356933593750206
3.6848876953125016
12.92980957031247
19.82043457031251
33.2704345703127
3.6883666992187525
12.89696044921872
19.88446044921876
33.184460449218946
3.691955566406252
12.864221191406221
19.951721191406264
33.101721191406455
3.6956542968750017
12.830419921874972
20.021044921875017
33.0210449218752
3.6994628906250018
12.79633789062497
20.090087890625014
32.9400878906252
3.7033691406250018
12.761962890624972
20.16352539062502
32.8635253906252
3.707373046875002
12.72729492187497
20.23666992187502
32.7616699218752
3.711462402343752
12.692712402343723
20.31302490234377
32.66302490234395
3.7156250000000024
12.657421874999972
20.391796875000022
32.59179687500019
3.7198730468750023
12.62241210937497
20.46928710937502
32.49428710937519
3.724194335937502
12.587280273437472
20.549780273437523
32.39978027343769
3.728576660156252
12.55201416015622
20.630139160156272
32.28013916015644
3.733007812500002
12.516992187499973
20.71386718750003
32.18886718750019
3.737500000000002
12.482031249999972
20.797656250000028
32.097656250000185
3.742041015625002
12.447509765624973
20.88188476562503
31.98188476562519
3.7466064453125023
12.412817382812472
20.969067382812533
31.894067382812686
3.7512084960937524
12.378552246093724
21.05511474609378
31.78011474609393
3.7558349609375017
12.344506835937473
21.141381835937533
31.66638183593768
3.7604736328125017
12.310864257812474
21.231176757812534
31.56867675781268
3.765112304687502
12.277807617187472
21.321557617187533
31.471557617187678
3.7697631835937524
12.245153808593725
21.41077880859379
31.36077880859393
3.7744018554687524
12.212683105468724
21.500183105468786
31.250183105468924
3.7790283203125017
12.180981445312474
21.593481445312538
31.143481445312673
3.783630371093752
12.149645996093724
21.684020996093793
31.034020996093926
3.7882080078125018
12.119067382812474
21.775317382812545
30.925317382812676
3.792749023437502
12.089038085937473
21.86716308593754
30.81716308593767
3.7972412109375018
12.059741210937474
21.959741210937544
30.70974121093767
3.801684570312502
12.030981445312474
22.052856445312546
30.590356445312665
3.8060546875000023
12.002929687499973
22.146679687500047
30.484179687500163
3.810375976562502
11.975610351562473
22.238110351562547
30.37561035156266
3.8146118164062526
11.948986816406224
22.3302368164063
30.26773681640641
3.8187622070312526
11.923254394531224
22.423254394531302
30.16075439453141
3.8228271484375025
11.898217773437477
22.516967773437553
30.054467773437658
3.826806640625002
11.874072265624974
22.605322265625052
29.955322265625156
3.830664062500002
11.850781249999972
22.69765625000005
29.847656250000153
3.834423828125002
11.828369140624973
22.78774414062506
29.737744140625157
3.8380493164062526
11.806799316406225
22.87554931640631
29.638049316406406
3.8415649414062525
11.786291503906224
22.961291503906306
29.536291503906398
3.8449462890625026
11.766430664062474
23.047680664062558
29.44768066406265
3.8481811523437526
11.747790527343726
23.13529052734381
29.347790527343896
3.8512817382812523
11.729797363281227
23.21729736328131
29.254797363281394
3.854235839843752
11.713024902343724
23.294274902343812
29.169274902343894
3.857031250000002
11.697070312499974
23.37519531250006
29.075195312500142
3.859655761718752
11.682312011718725
23.451062011718815
28.98856201171889
3.862121582031252
11.668371582031225
23.52462158203132
28.912121582031393
3.864428710937502
11.655444335937476
23.592944335937567
28.83044433593764
3.866552734375002
11.643701171874977
23.656201171875068
28.75620117187514
3.8684936523437523
11.632946777343726
23.720446777343817
28.695446777343886
3.8702514648437525
11.623181152343726
23.77318115234382
28.62318115234389
3.871826171875002
11.614599609374975
23.82709960937507
28.57709960937514
3.8732177734375024
11.607006835937474
23.875756835937572
28.52575683593764
3.8744140625000023
11.600390624999974
23.91289062500007
28.475390625000134
3.875415039062502
11.594946289062474
23.94494628906257
28.444946289062635
3.876220703125002
11.590478515624975
23.977978515625068
28.40297851562513
3.876818847656252
11.587170410156224
23.99967041015632
28.37467041015638
3.877233886718752
11.585046386718725
24.01004638671882
28.36004638671888
3.877441406250002
11.583886718749975
24.02138671875007
28.358886718750128
3.877441406250002
11.583886718749975
24.02138671875007
28.358886718750128
3.8772583007812518
11.584875488281224
24.01612548828132
28.366125488281384
3.876855468750002
11.587011718749975
23.99951171875007
28.37451171875013
3.8762695312500024
11.590136718749973
23.977636718750066
28.402636718750127
3.875488281250002
11.594433593749974
23.95068359375007
28.438183593750132
3.8744995117187524
11.599890136718725
23.91864013671882
28.468640136718886
3.8733154296875023
11.606323242187475
23.87507324218757
28.525073242187638
3.871948242187502
11.613940429687474
23.83269042968757
28.570190429687635
3.8703857421875023
11.622534179687475
23.778784179687573
28.628784179687642
3.8686401367187524
11.632116699218724
23.725866699218816
28.688366699218886
3.866711425781252
11.642883300781225
23.661633300781318
28.76163330078139
3.864599609375002
11.654638671874975
23.598388671875068
28.82338867187514
3.862316894531252
11.667395019531225
23.529895019531317
28.90489501953139
3.859863281250002
11.681152343749973
23.456152343750063
28.98115234375014
3.857238769531252
11.695910644531224
23.38341064453131
29.05841064453139
3.8544555664062523
11.711682128906224
23.30543212890631
29.155432128906394
3.8515258789062523
11.728479003906227
23.222229003906314
29.247229003906398
3.8484375000000024
11.746289062499974
23.14003906250006
29.340039062500146
3.845202636718753
11.764929199218724
23.05867919921881
29.433679199218897
3.8418334960937526
11.784606933593725
22.972106933593807
29.5221069335939
3.8383422851562528
11.805139160156225
22.88326416015631
29.633264160156404
3.8347167968750018
11.826708984374974
22.795458984375056
29.732958984375152
3.830969238281252
11.848937988281225
22.705187988281306
29.830187988281406
3.8271118164062523
11.872229003906222
22.6159790039063
29.940979003906403
3.8231567382812526
11.896398925781224
22.5245239257813
30.049523925781404
3.819091796875002
11.921240234374974
22.430615234375054
30.155615234375162
3.8149414062500027
11.946972656249974
22.340722656250048
30.25322265625016
3.8107177734375024
11.973413085937473
22.248413085937546
30.36091308593766
3.8064086914062525
12.000744628906224
22.1538696289063
30.478869628906416
3.8020263671875023
12.028588867187473
22.062963867187545
30.587963867187664
3.797595214843752
12.057360839843724
21.969860839843793
30.694860839843916
3.793103027343752
12.086657714843724
21.87728271484379
30.802282714843916
3.788574218750002
12.116699218749973
21.78388671875004
30.908886718750168
3.783996582031252
12.147277832031223
21.69102783203129
31.01602783203142
3.779394531250002
12.178417968749974
21.60029296875004
31.125292968750173
3.7747680664062524
12.210119628906224
21.51011962890629
31.235119628906425
3.7701293945312524
12.242395019531225
21.417395019531288
31.342395019531427
3.765478515625002
12.275244140624974
21.328369140625036
31.453369140625178
3.760839843750002
12.308300781249972
21.239550781250035
31.56455078125018
3.7562011718750017
12.341943359374973
21.149755859375034
31.674755859375182
3.751574707031252
12.375793457031222
21.06329345703128
31.76329345703143
3.7469726562500023
12.410058593749971
20.97568359375003
31.875683593750185
3.742395019531252
12.444738769531222
20.88848876953128
31.988488769531436
3.737866210937502
12.479272460937473
20.804272460937526
32.07927246093769
3.733374023437502
12.514233398437474
20.72048339843753
32.170483398437696
3.728930664062502
12.549243164062469
20.63674316406252
32.286743164062685
3.724536132812502
12.584497070312471
20.556372070312523
32.38137207031269
3.7202148437500027
12.619628906249972
20.475878906250024
32.475878906250195
3.715966796875002
12.65463867187497
20.396826171875016
32.57182617187519
3.711791992187502
12.689916992187472
20.31960449218752
32.669604492187695
3.7076904296875024
12.72468261718747
20.24343261718752
32.7684326171877
3.703686523437502
12.759350585937472
20.168725585937523
32.843725585937705
3.699768066406252
12.793908691406221
20.097033691406267
32.94703369140645
3.695959472656252
12.827600097656221
20.026037597656266
33.02603759765645
3.692248535156252
12.861389160156222
19.956701660156263
33.10670166015645
3.688647460937502
12.894506835937472
19.889819335937514
33.1898193359377
3.685168457031252
12.926965332031221
19.823840332031264
33.273840332031455
3.681799316406252
12.959143066406222
19.762268066406264
33.33726806640646
3.6785644531250017
12.99028320312497
19.699658203125015
33.399658203125206
3.675451660156252
13.020764160156219
19.64263916015626
33.49263916015646
3.672473144531252
13.050207519531222
19.584582519531264
33.53458251953146
3.6696289062500025
13.07861328124997
19.53173828125001
33.60673828125021
3.666931152343752
13.10638427734372
19.47982177734376
33.67982177734396
3.6643798828125016
13.13273925781247
19.42961425781251
33.72961425781271
3.6619628906250017
13.15805664062497
19.384619140625006
33.78461914062521
3.6597167968750015
13.181591796874967
19.340966796875005
33.84096679687521
3.6576049804687525
13.204479980468719
19.299792480468753
33.89979248046896
3.655664062500002
13.225195312499968
19.261132812500005
33.91113281250021
3.6538818359375016
13.244897460937471
19.226147460937508
33.97614746093772
3.652246093750002
13.262792968749968
19.194042968750004
33.994042968750215
3.650793457031252
13.278918457031219
19.166418457031252
34.04141845703146
3.6494995117187523
13.29364013671872
19.140515136718754
34.06551513671897
