-5093320.198079014
-5630689.842561467
-6138736.176514712
-6594036.934089101
-7005806.704329579
-7369935.367704735
-7702301.043729471
-8012911.913462161
-8274195.600790585
-8488878.759047516
-8680707.729595594
-8857974.000807833
-8994112.460923877
-9105736.364386508
-9175213.868912315
-9251029.53545358
-9283248.584582044
-9305627.44934001
-9304910.641481226
-9287505.77925496
-9263715.036547728
-9214187.591729257
-9153883.543342968
-9083794.971864695
-8999882.787836304
-8906250.598285226
-8813708.329378132
-8698947.28591933
-8583694.471200528
-8464797.926442081
-8330913.951759664
-8202408.013743994
-8063850.892706714
-7916529.133341087
-7773005.948685871
-7629048.957380398
-7480652.88569755
-7319099.105859193
-7165962.656163202
-7010461.167066387
-6840540.051416988
-6678748.220619628
-6522548.190612185
-6354166.435262837
-6190882.520960394
-6014524.942482989
-5850574.582097964
-5682456.099439409
-5502548.7184903035
-5331359.045371584
-5155054.1714279475
-4978931.117810021
-4796363.71400892
-4617641.359046377
-4433120.411312995
-4245663.106357434
-4050802.5131767103
-3855680.6323759877
-3657773.119696512
-3451223.381569445
-3239608.753866308
-3021939.211296405
-2794326.4353484116
-2558798.8653292237
-2312903.387166463
-2053947.4667010324
-1784420.9193937308
-1498942.3059119445
-1194941.154247726
-874072.7737326988
-538272.1791054453
-173838.36287721712
208333.21556916073
620644.2189515234
1054110.8013267373
1514324.3403665253
2003985.8229593576
2528730.0699255527
3074913.2253757818
3659649.8909663097
4272758.456138154
4904839.218808465
5577070.495229871
6271057.817355317
6998142.163870233
7748836.131315742
8518333.648281056
9313607.527526606
10130381.497091182
10962234.571442474
11810801.086621711
12663850.472858714
13536406.888356417
14399509.819728775
15278128.255139269
16142132.260197692
17016787.834948383
17877990.435373455
18714043.465940893
19545850.802429702
20357316.66775934
21133843.756430633
21885968.238921158
22607826.263718333
23300749.695148677
23948421.74595905
24548240.350222882
25105408.348496787
25610433.61539931
26065656.391759492
26455747.35922785
26794134.12341605
27073652.327490114
27288526.551411714
27431321.02745351
27519130.054801673
27533929.327993162
27469302.841349714
27345335.98468849
27151319.27830495
26888708.897778124
26547514.262371983
26143122.568295456
25673741.357987303
25140281.01525552
24543270.01987207
23879242.93874419
23157614.625307217
22382625.08300342
21554380.859199528
20681058.77149843
19758669.97096181
18796222.53399326
17800267.333876938
16775536.003430115
15716981.544351477
14643261.172775012
13552839.63942018
12449037.367808713
11330725.696680209
10230947.167254243
9117580.062744953
8022150.218079981
6924434.888228409
5854674.1056543235
4806403.618719611
3773359.432909713
2781474.963129144
1811854.9672809115
889346.7351136735
7984.50811732649
-852302.4750246417
-1667872.2965476497
-2424237.4897339107
-3154540.71281801
-3824683.5870821415
-4458564.765003336
-5049582.810780597
-5583728.5000640005
-6092998.203260655
-6546594.028914801
-6974653.004198582
-7343739.968854576
-7682687.0831731735
-7984399.090332253
-8246282.238225598
-8473336.287558481
-8676934.851253327
-8843365.171605023
-8979889.50901175
-9088302.039579509
-9173751.182825934
-9231113.139573595
-9281762.046278555
-9300856.964535054
-9300122.875326328
-9299164.36604839
-9261620.874595689
-9224810.493092274
-9162418.555429129
-9081060.742659869
-9008432.04259227
-8915411.18926887
-8822124.491948089
-8706656.615430547
-8591849.497661602
-8474669.125659844
-8339799.968717152
-8211586.91200789
-8081936.887868244
-7934352.992514514
-7783613.688742336
-7638950.934354965
-7492255.679464629
-7329784.335967847
-7177322.955574985
-7021607.799907035
-6863048.953027363
-6700502.508884519
-6535589.360312429
-6366039.300094038
-6203533.566509264
-6035991.159209576
-5863931.606943961
-5688996.002811664
-5523846.375589845
-5345688.014945542
-5170249.462917761
-4993234.058230714
-4816754.880694143
-4634506.524498552
-4445333.0767714875
-4258720.717517441
-4071519.189244242
-3873995.4566516983
-3672757.213693626
-3466852.864866357
-3257375.2161286194
-3040202.4178173635
-2812896.0841399
-2577703.429862413
-2332077.067208376
-2076325.8621190216
-1806169.9206299824
-1520870.8566456165
-1222043.0505093413
-901855.7988181073
-562818.4712195118
-205587.59881217164
179132.41194033125
582364.4965484409
1021006.360516252
1481042.555610713
1966625.7213030676
2483251.0547005157
3036995.458947359
3608151.5321414433
4220288.5928159775
4851888.563186492
5523346.67503414
6216503.872454741
6937297.324956624
7687254.116361307
8456139.626652125
9250732.584397579
10065849.867862336
10896884.893975379
11738279.100109851
12596883.61658616
13459915.627893755
14329328.887452709
15206349.993359234
16076703.563860625
16940457.711934984
17808208.95552523
18650590.208048232
19473840.92983674
20287965.039275363
21074945.485514082
21828934.061946783
22556543.47150629
23242905.34318341
23898307.664760742
24503560.34732446
25064036.4745036
25575517.36829999
26035145.872105118
26429344.624026522
26771764.190794118
27055029.114337582
27273091.84656417
27429482.935116764
27509445.847259562
27526708.998718213
27474320.84143657
27362211.786955148
27169675.181050505
26904483.583865196
26573237.213679958
26179220.863842227
25709620.339076206
25185792.865677528
24586499.297628317
23930383.89832497
23218152.28787816
22439564.01253675
21628578.47325584
20743764.06814843
19839474.396990806
18871915.396544192
17888984.58912366
16860060.625963032
15795990.972212277
14738193.32821036
13641128.773399075
12539731.556428239
11420074.382940058
10305003.499466695
9198955.477669146
8104319.886872486
7011300.936716586
