-328791.88307442
-363480.9994946
-396277.19222023
-425668.47091984
-452249.66999732
-475755.46665971
-497210.84983603
-517261.88310924
-534128.67181138
-547987.2310856
-560370.47148712
-571813.63799753
-580601.85843521
-587807.57729605
-592292.59662646
-597186.76679429
-599266.62068563
-600711.25577604
-600664.98328648
-599541.4377006
-598005.66088111
-594808.48866094
-590915.64845949
-586391.18259005
-580974.35350281
-574930.0635855
-568956.13191134
-561547.89953737
-554107.92158442
-546432.72793433
-537790.04252729
-529494.52846117
-520550.17488285
-511040.03281522
-501775.10221741
-492482.16786176
-482902.67512383
-472473.80565851
-462588.30470731
-452550.13207479
-441581.12140675
-431136.88490774
-421053.61898195
-410183.97948087
-399643.42369969
-388258.91652814
-377675.33928867
-366822.69497352
-355209.03546247
-344158.13491064
-332777.03000367
-321407.66224358
-309622.28882323
-298085.1269425
-286173.64533276
-274072.61145006
-261493.66905546
-248897.85961829
-236122.22776365
-222788.70960531
-209128.23486138
-195076.89388806
-180383.68193489
-165179.54195332
-149306.11672961
-132589.59363428
-115190.69908586
-96762.04208928
-77137.68955983
-56424.49758569
-34747.37823108
-11221.88286975
13448.64795262
40064.78554898
68046.59080103
97755.00696821
129364.39233366
163238.49456614
198496.55437784
236243.38000539
275821.71237647
316624.76738406
360019.68045461
404819.02343671
451754.89672713
500214.85478398
549888.64865218
601226.39812563
653952.05468274
707651.12093433
762429.0990683
817496.46242828
873823.07371189
929539.42906689
986257.36523581
1042031.88809305
1098494.00755145
1154087.68980397
1208057.87812514
1261753.99183549
1314136.99143818
1364264.56909152
1412816.87196808
1459415.36765562
1504146.03272009
1545955.56067416
1584675.97893362
1620643.14930912
1653244.32144192
1682630.56617758
1707812.32164872
1729656.38742076
1747700.27885051
1761571.17209103
1770789.06196336
1776457.44610768
1777412.79168022
1773240.92275904
1765238.42249294
1752713.95598408
1735761.52453065
1713736.20071292
1687631.28261937
1657331.06075718
1622894.30362998
1584355.12648139
1541489.82331455
1494906.15631002
1444877.83272786
1391411.73057848
1335035.69243856
1275492.22396203
1213362.82842935
1149070.38794475
1082920.34618809
1014586.90151902
945274.44340984
874883.86607448
803629.51462769
731438.52998213
660443.92536427
588572.13003069
517858.24843747
446996.83066961
377939.97807386
310270.40028046
243583.73422722
179554.0738233
116961.66417629
57410.48596442
515.42831733
-55019.14759218
-107667.0721225
-156493.12791484
-203636.79110407
-246896.89040851
-287816.16860601
-325968.47960255
-360449.47828035
-393324.64382952
-422605.86312686
-450238.5881622
-474064.46075769
-495944.69911802
-515421.27925084
-532326.76525853
-546983.90942708
-560126.918809
-570870.5862599
-579683.71644527
-586682.12979609
-592198.17505193
-595901.0928035
-599170.65936589
-600403.30406258
-600355.91600059
-600294.04082719
-597870.47529982
-595494.23461977
-591466.61376046
-586214.67839749
-581526.23821863
-575521.41222302
-569499.42505452
-562045.56409971
-554634.35746561
-547069.94885365
-538363.6664376
-530087.05889856
-521717.69001545
-512190.62614008
-502459.86946013
-493121.37559444
-483651.67661269
-473163.57515893
-463321.65232549
-453269.686758
-443034.15083718
-432541.20137036
-421895.47273873
-410950.41501477
-400460.09355886
-389644.63695127
-378537.58261534
-367244.86893103
-356583.87476385
-345083.12071666
-333757.93996191
-322330.96777544
-310938.61095335
-299173.83318749
-286962.01620231
-274915.52656138
-262831.00397068
-250080.14648179
-237089.50417469
-223797.64818463
-210275.12301206
-196255.84864242
-181582.41862466
-166399.89864205
-150543.84577889
-134034.19842713
-116594.67425203
-98177.60781231
-78887.2130848
-58217.99039197
-36331.92844446
-13271.40865318
11563.63251298
37593.6937026
65909.58173643
95606.54972296
126952.66526807
160302.66283464
196048.82807336
232918.97829594
272434.59660612
313206.61476555
356551.61732071
401297.37280894
447827.14657914
496239.51730804
545873.80397482
597167.59755044
649786.3091441
703432.56748057
757747.54762794
813173.51434704
868885.29156033
925009.00098038
981623.82386463
1037808.23369098
1093566.62739374
1149583.0477884
1203961.74528087
1257105.49916489
1309660.09785271
1360462.47681156
1409135.1135634
1456104.88153557
1500411.97464633
1542720.51899507
1581791.72628163
1617972.44811078
1650990.35385551
1680661.00392337
1706107.93144988
1728212.32893141
1746498.08439126
1760574.80715143
1770670.40658393
1775832.29616422
1776946.69381745
1773564.8524618
1766327.81538203
1753898.8946085
1736779.83646506
1715396.70845048
1689961.55562539
1659647.17623711
1625832.2549899
1587145.72968022
1544791.15363522
1498814.07713564
1448553.44257241
1396201.44971972
1339083.54173185
1280708.43624824
1218249.07116406
1154797.4014211
1088376.71035291
1019687.24030722
951402.65073552
880583.24280459
809484.14616477
737206.30456985
665224.52426141
593825.20167519
523162.59198612
452604.34218409
