4.8507516980171195
6.431717427074903
8.232869836688026
14.435677900910338
4.7431163728237165
6.5442560225725135
8.242382991313923
14.409419797360863
4.636019322276115
6.656464178860181
8.253582218289363
14.380332963168586
4.5294889822602284
6.7681025207042635
8.266675360500802
14.348607264459101
4.423546570539476
6.878880900144571
8.281927831470956
14.314434225857221
4.31820868998766
6.988440638780585
8.299677751958358
14.278003832697836
4.213488793373109
7.096334968507281
8.320354019105421
14.23950202018019
4.10939807444811
7.202008329331866
8.344496081769456
14.199108763039082
4.005946038663389
7.304777908325186
8.372771811485277
14.15699674338099
3.9031408861279506
7.4038250222802064
8.405985687673079
14.113330504298176
3.8009897723794004
7.49820977896451
8.44506382644175
14.068265995383227
3.6994990199804327
7.586927017569533
8.490997797250733
14.021950443088972
3.5986742451787017
7.66901774853467
8.544732961058607
13.974522471427889
3.4985204905271554
7.743728694319715
8.607008759677395
13.926112402975523
3.399042297899724
7.810674692690362
8.678196130692948
13.876842692494364
3.3002437904477135
7.869932323694218
8.758203710615621
13.826828464865653
3.2021287232637428
7.922014725208272
8.846502836048588
13.776178115606275
3.1047005355358133
7.967742025852193
8.942256921529756
13.72499394863841
3.007962392270567
8.008073173463336
9.044489414989934
13.673372864723175
2.911917212605478
8.043963664770112
9.152225811779479
13.621407060325108
2.8165677040815367
8.076277802884569
9.26458111405371
13.569184777140586
2.7219163849949854
8.105751506984221
9.380796645581707
13.516791079938383
2.627965609729291
8.132988430559625
9.500243507325635
13.464308692514868
2.5347175806760798
8.158472898602476
9.622409078478796
13.411818927526442
2.4421743780374543
8.182588784396636
9.746877443790416
13.359402735531294
2.350337959825993
8.205638512969006
9.873309455811961
13.30714193582532
2.2592101886868488
8.227859799563872
10.001424804329853
13.255120718479123
2.168792836368085
8.249439407885063
10.130986626446232
13.203427521884414
2.079087598621846
8.270524071156967
10.261788368225078
13.152157498896091
1.9900961056351663
8.291229020059093
10.393642179667927
13.10141579955813
1.9018199354410172
8.311644548177705
10.526367965340588
13.051322157680952
1.8142606154084209
8.331841066479669
10.659781983494735
13.002017395198312
1.7274196445941927
8.351872998476015
10.79368353784082
12.953673002123802
1.6412984907627108
8.37178177088498
10.9278376534581
12.906505602598164
1.5558986082673076
8.3915981248021
11.061950375139691
12.860799454152556
1.471221448481083
8.41134391278027
11.195630989968752
12.816942535340754
1.3872684642672537
8.431033492088304
11.328331157565092
12.775486113131015
1.304041129350662
8.45067481398581
11.459242896735642
12.737245734035938
1.2215409442782401
8.470270274579512
11.587123677134487
12.703475332260101
1.1397694587707514
8.489817386865603
11.70999810099599
12.676164934039084
1.0587282761931418
8.509309300780284
11.824686467647528
12.658511582016915
0.9784190848469734
8.528735220432269
11.926254478096936
12.655469238758059
0.8988436684012412
8.548080730438219
12.008089466392967
12.673672217130632
0.8200039386749265
8.56732804924248
12.06419450789687
12.719140793383092
0.7419019624590873
8.586456237733348
12.09342462718484
12.79304475188252
0.6645399957895278
8.605441367626176
12.100534094870062
12.890655858814682
0.5879205316305159
8.624256651103481
12.092396999895543
13.005127054452863
0.5120463505387305
8.642872568964945
12.074695490300627
13.130803981423345
0.43692059367895136
8.66125696599482
12.051231086254091
13.263913404941523
0.3625468358397484
8.6793751567602
12.024385166168182
13.40210241824385
0.2889292046427728
8.69719003438948
11.995650187134718
13.54390687048432
0.21607250869274147
8.714662180840953
11.965988418459863
13.688392190635168
0.14398242086172106
8.731750002503382
11.936044999957062
13.834939779341191
0.07266570925712586
8.74840988069771
11.906271186470958
13.983123107254473
0.002130548655986786
8.76459635496138
11.876996296644185
14.132634913921322
8.780262346565708
11.848470667004559
14.28324317336079
17.95010027289389
8.795359407365307
11.820891967415784
14.434763428568806
17.945068004727354
8.809838022291641
11.794421701133224
14.587040500342809
17.93699913471935
8.823647964000688
11.76919579505918
14.739935596287214
17.925170089304434
8.836738683283313
11.745331475138636
14.893316330015619
17.908629669249038
8.849059759080395
11.72293178439138
15.047047969698871
17.886146947741494
8.860561396181568
11.702088545262786
15.200984524190385
17.856181280314907
8.871194961667044
11.682884265482398
15.354958122968632
17.816921216249447
8.880913555622085
11.665393328666664
15.508764497935733
17.76646162718533
8.889672622084603
11.6496826842427
15.662140707671602
17.703170578181727
8.897430559992774
11.635812179744216
15.814727279543837
17.626190456747995
8.904149334132656
11.623834662139389
15.965997141599614
17.53586521744726
8.909795074164851
11.61379590928552
16.11510655432936
17.433893544971927
8.914338634908182
11.605734480917427
16.260538707673508
17.323322831094238
8.917756091058237
11.59968150407073
16.39910542517896
17.20905053168532
8.920029170811157
11.595660465955707
16.522622388601263
17.100752681493727
8.921145580708961
11.59368703365323
16.60656216144558
17.024010825157134
8.921099247038345
11.593768917024107
16.602461157739125
17.027816735208003
8.919890423119048
11.595905792713136
16.513732612132987
17.108735144138304
8.917525683343396
11.60008931756017
16.38845812082287
17.218113052844977
8.914017805457096
11.606303195655316
16.24914958924051
17.332345061004133
8.909385526180252
11.614523324370357
16.103340782225086
17.44237806946036
8.903653202950938
11.624717974662753
15.954016268253286
17.543515706062294
8.896850378811344
11.636848008632635
15.802616244554482
17.63282273411749
8.889011274278149
11.65086707770822
15.6499503344297
17.708707723021487
8.880174230039104
11.66672177761791
15.496528299152818
17.770932085812078
8.870381106436236
11.68435170054433
15.342699928581673
17.82043340951202
8.859676669538006
11.703689321875546
15.188722388446292
17.858882944285853
8.848107977211457
11.724659642577143
15.034796366095499
17.88818925917147
8.835723775625212
11.747179464995833
14.881087529659233
17.91014641523359
8.822573930025086
11.771156153082824
14.727740615606272
17.926270532608022
8.80870888978241
11.796485659480064
14.574889855086763
17.93776863664387
8.794179192185386
11.823049458861325
14.422667817771398
17.945571805536733
8.779035024344907
11.850709882378553
14.271214206516706
17.950387801229937
0.007718591392040254
8.7633258268237
11.879302991926647
14.12068600654599
0.07831632792949676
8.747099946439251
11.908627627789949
13.971270702779261
0.14969490468502047
8.730404348671424
11.938428294658637
13.823205135762661
0.22184627056121833
8.713284349441516
11.968367823958372
13.676804167032211
0.29476375728845605
8.695783412456498
11.997982658445808
13.53250645548102
0.3684417665004731
8.677942967414841
12.026607806980584
13.390950335562199
0.44287555068731316
8.659802249073968
12.053248125314685
13.253103186190094
0.5180610328912734
8.641398178040964
12.076355844736069
13.120484447479214
0.5939946711063385
8.62276524007319
12.093457886576624
12.995538723468746
0.6706733614206314
8.603935383260236
12.100614599883528
12.882177406549424
0.7480943441390989
8.58493791669606
12.091996228694889
12.786202520132035
0.8262551501393315
8.565799403190598
12.06073936223981
12.714450509846179
0.9051535382866858
8.54654353857039
12.002456387877436
12.671283046901191
0.984787455201149
8.5271910175681
11.918796074390388
12.655026657879326
1.0651550009846684
8.507759359478934
11.815956635773153
12.659459902346104
1.1462543994188303
8.488262704014765
11.700461542606327
12.678037811815708
1.2280839726328847
8.468711546063409
11.577091450989219
12.705960237979856
1.3106421172618865
8.44911240190266
11.448909077048274
12.74014732390639
1.3939272925257682
8.429467394947993
11.317816603183724
12.778682494163485
1.4779379993677138
8.409773708879934
11.185013037919978
12.820355616509888
1.5626727640628817
8.390022920072063
11.051280502974965
12.864377343654601
1.648130136728287
8.370200113952146
10.91715175211427
12.910212408006156
1.7343086645007135
8.350282789766776
10.783007949590662
12.957482877373664
1.8212068945169448
8.330239422619329
10.649137191474413
13.005910973250831
1.9088233530521395
8.310027648508532
10.515770943462824
13.055284360051118
1.9971565440297132
8.289591889083374
10.383107987046222
13.105434441566436
2.0862049326300625
8.268860304355607
10.2513313218951
13.156222371756998
2.175966937839986
8.24774081856011
10.120621258020382
13.207529790699452
2.266440926492215
8.22611595839261
9.991166728734953
13.259252488613102
2.357625195384027
8.203836140036573
9.86317626535891
13.311295956373185
2.4495179653167733
8.180710980296123
9.736889678239805
13.363572172820538
2.5421173691749583
8.156498154997813
9.61259137094019
13.415997201204268
2.635421437025071
8.130889399349675
9.490625910460931
13.468489342927901
2.729428081214429
8.103493563830842
9.371416166424737
13.520967660844295
2.8241350874304785
8.07381747961043
9.255483336746675
13.573350764811007
2.9195400893688217
8.0412472963333
9.143466296792012
13.62555577605959
3.015640553832056
8.00503640770911
9.036134231090532
13.677497410774201
3.1124337568879143
7.964311318099489
8.934381186962113
13.729087139666046
3.2099167615175266
7.918112282454956
8.8391857922077
13.780232414603198
3.308086383342745
7.865485566854466
8.75151928812264
13.83083593249318
3.406939157843592
7.805629351735105
8.672199866175637
13.88079492896792
3.5064713031053563
7.738061550259579
8.601725073158727
13.930000495910612
3.606678666174414
7.662743096053592
8.540148708224287
13.978336945176094
3.7075566649436973
7.580093252658832
8.487065696716293
14.02568121403452
3.809100219607356
7.490888026356688
8.441713847219932
14.071902334690062
3.9113036558032053
7.396095468103875
8.403138719499095
14.11686100512739
4.014160597324374
7.296718858182421
8.370350638031946
14.160409307479826
4.1176638081669825
7.193689824640743
8.34243177473544
14.202390599250762
4.221804997324945
7.087816351652137
8.318588392436492
14.242639666795695
4.326574541628363
6.979770606756204
8.298163343965996
14.280983209609953
4.431961092352868
6.8700987443327834
8.28062669932841
14.317240723967519
4.537950979173184
6.759239763021462
8.265557505190358
14.351225875318015
4.644527301192284
6.647546190023416
8.252624060213554
14.382748451828922
4.751668378710748
6.535303501784796
8.241566047072398
14.411616939306224
4.859345032274723
6.422747758030886
8.23217965066432
14.437641754746405
4.9675153002142896
6.31008273363113
8.224305723607529
14.460639132559264
5.0761131271719915
6.197500419616695
8.217820608615863
14.48043554425236
5.185020758211611
6.08521562069654
8.212629170715797
14.496872518956627
5.293988017737862
5.973551902174945
8.208659566938865
14.509811602532826
5.402323295176026
5.8632544472813555
8.205859421193587
14.51913913637396
5.5069975569844205
5.757388769090172
8.20419310331343
14.524770511686764
5.575535026192663
5.688451842963692
8.203639926016317
14.526653519272765
5.5069975569844205
5.757388769090172
8.20419310331343
14.524770511686764
5.402323295176026
5.8632544472813555
8.205859421193587
14.51913913637396
5.293988017737862
5.973551902174945
8.208659566938865
14.509811602532826
5.185020758211611
6.08521562069654
8.212629170715797
14.496872518956627
5.0761131271719915
6.197500419616695
8.217820608615863
14.48043554425236
4.9675153002142896
6.31008273363113
8.224305723607529
14.460639132559264
4.859345032274723
6.422747758030886
8.23217965066432
14.437641754746405
4.751668378710748
6.535303501784796
8.241566047072398
14.411616939306224
4.644527301192284
6.647546190023416
8.252624060213554
14.382748451828922
4.537950979173184
6.759239763021462
8.265557505190358
14.351225875318015
4.431961092352868
6.8700987443327834
8.28062669932841
14.317240723967519
4.326574541628363
6.979770606756204
8.298163343965996
14.280983209609953
4.221804997324945
7.087816351652137
8.318588392436492
14.242639666795695
4.1176638081669825
7.193689824640743
8.34243177473544
14.202390599250762
4.014160597324374
7.296718858182421
8.370350638031946
14.160409307479826
3.9113036558032053
7.396095468103875
8.403138719499095
14.11686100512739
3.809100219607356
7.490888026356688
8.441713847219932
14.071902334690062
3.7075566649436973
7.580093252658832
8.487065696716293
14.02568121403452
3.606678666174414
7.662743096053592
8.540148708224287
13.978336945176094
3.5064713031053563
7.738061550259579
8.601725073158727
13.930000495910612
3.406939157843592
7.805629351735105
8.672199866175637
13.88079492896792
3.308086383342745
7.865485566854466
8.75151928812264
13.83083593249318
3.2099167615175266
7.918112282454956
8.8391857922077
13.780232414603198
3.1124337568879143
7.964311318099489
8.934381186962113
13.729087139666046
3.015640553832056
8.00503640770911
9.036134231090532
13.677497410774201
2.9195400893688217
8.0412472963333
9.143466296792012
13.62555577605959
2.8241350874304785
8.07381747961043
9.255483336746675
13.573350764811007
2.729428081214429
8.103493563830842
9.371416166424737
13.520967660844295
2.635421437025071
8.130889399349675
9.490625910460931
13.468489342927901
2.5421173691749583
8.156498154997813
9.61259137094019
13.415997201204268
2.4495179653167733
8.180710980296123
9.736889678239805
13.363572172820538
2.357625195384027
8.203836140036573
9.86317626535891
13.311295956373185
2.266440926492215
8.22611595839261
9.991166728734953
13.259252488613102
2.175966937839986
8.24774081856011
10.120621258020382
13.207529790699452
2.0862049326300625
8.268860304355607
10.2513313218951
13.156222371756998
1.9971565440297132
8.289591889083374
10.383107987046222
13.105434441566436
1.9088233530521395
8.310027648508532
10.515770943462824
13.055284360051118
1.8212068945169448
8.330239422619329
10.649137191474413
13.005910973250831
1.7343086645007135
8.350282789766776
10.783007949590662
12.957482877373664
1.648130136728287
8.370200113952146
10.91715175211427
12.910212408006156
1.5626727640628817
8.390022920072063
11.051280502974965
12.864377343654601
1.4779379993677138
8.409773708879934
11.185013037919978
12.820355616509888
1.3939272925257682
8.429467394947993
11.317816603183724
12.778682494163485
1.3106421172618865
8.44911240190266
11.448909077048274
12.74014732390639
1.2280839726328847
8.468711546063409
11.577091450989219
12.705960237979856
1.1462543994188303
8.488262704014765
11.700461542606327
12.678037811815708
1.0651550009846684
8.507759359478934
11.815956635773153
12.659459902346104
0.984787455201149
8.5271910175681
11.918796074390388
12.655026657879326
0.9051535382866858
8.54654353857039
12.002456387877436
12.671283046901191
0.8262551501393315
8.565799403190598
12.06073936223981
12.714450509846179
0.7480943441390989
8.58493791669606
12.091996228694889
12.786202520132035
0.6706733614206314
8.603935383260236
12.100614599883528
12.882177406549424
0.5939946711063385
8.62276524007319
12.093457886576624
12.99553872197863
0.5180610328912734
8.641398178040964
12.076355844736069
13.120484447479214
0.44287555068731316
8.659802249073968
12.053248125314685
13.253103186190094
0.3684417665004731
8.677942967414841
12.026607806980584
13.390950335562199
0.29476375728845605
8.695783412456498
11.997982658445808
13.53250645548102
0.22184627056121833
8.713284349441516
11.968367823958372
13.676804167032211
0.14969490468502047
8.730404348671424
11.938428294658637
13.823205134272545
0.07831632792949676
8.747099946439251
11.908627627789949
13.971270702779261
0.007718591392040254
8.7633258268237
11.879302991926647
14.12068600654599
8.779035024344907
11.850709882378553
14.271214206516706
17.950387801229937
8.794179192185386
11.823049458861325
14.422667816281283
17.945571807026848
8.80870888978241
11.796485659480064
14.574889855086763
17.93776863664387
8.822573930025086
11.771156153082824
14.727740615606272
17.926270532608022
8.835723775625212
11.747179464995833
14.881087528169118
17.910146419703942
8.848107977211457
11.724659642577143
15.034796366095499
17.88818925917147
8.859676669538006
11.703689321875546
15.188722388446292
17.858882944285853
8.870381106436236
11.68435170054433
15.342699928581673
17.82043340951202
8.880174230039104
11.66672177761791
15.496528297662701
17.770932084321963
8.889011274278149
11.65086707770822
15.6499503344297
17.708707723021487
8.896850378811344
11.636848008632635
15.802616243064366
17.632822732627375
8.903653202950938
11.624717974662753
15.954016268253286
17.543515706062294
8.909385526180252
11.614523324370357
16.10334078073497
17.442378067970246
8.914017805457096
11.606303195655316
16.249149586260277
17.3323450580239
8.917525683343396
11.60008931756017
16.38845811784264
17.218113049864744
8.919890423119048
11.595905792713136
16.513732612132987
17.108735144138304
8.921099247038345
11.593768917024107
16.602461151778662
17.02781672924754
8.921145580708961
11.59368703365323
16.60656216144558
17.024010825157134
8.920029170811157
11.595660465955707
16.522622388601263
17.100752669572795
8.917756091058237
11.59968150407073
16.39910542517896
17.20905053168532
8.914338634908182
11.605734480917427
16.26053871065374
17.32332283407447
8.909795074164851
11.61379590928552
16.115106555819473
17.43389354646204
8.904149334132656
11.623834662139389
15.965997141599614
17.53586520552633
8.897430559992774
11.635812179744216
15.814727279543837
17.626190456747995
8.889672622084603
11.6496826842427
15.662140707671602
17.703170578181727
8.880913555622085
11.665393330156778
15.508764499425848
17.766461628675444
8.871194961667044
11.682884265482398
15.354958124458749
17.816921217739562
8.860561396181568
11.702088545262786
15.200984525680502
17.856181281805025
8.849059759080395
11.72293178439138
15.047047971188988
17.88614694923161
8.836738683283313
11.745331475138636
14.893316330015619
17.908629669249038
8.823647964000688
11.76919579505918
14.739935596287214
17.925170089304434
8.809838022291641
11.794421701133224
14.587040500342809
17.93699913471935
8.795359407365307
11.820891967415784
14.434763428568806
17.945068004727354
8.780262346565708
11.848470667004559
14.28324317336079
17.95010027289389
0.002130548655986786
8.76459635496138
11.876996296644185
14.132634913921322
0.07266570925712586
8.74840988069771
11.906271186470958
13.983123107254473
0.14398242086172106
8.731750002503382
11.936044999957062
13.834939779341191
0.21607250869274147
8.714662180840953
11.965988418459863
13.688392190635168
0.2889292046427728
8.69719003438948
11.995650187134718
13.543906871974437
0.3625468358397484
8.6793751567602
12.024385166168182
13.40210241824385
0.43692059367895136
8.66125696599482
12.051231086254091
13.263913404941523
0.5120463505387305
8.642872568964945
12.074695490300627
13.130803981423345
0.5879205316305159
8.624256651103481
12.092396999895543
13.005127054452863
0.6645399957895278
8.605441367626176
12.100534094870062
12.890655858814682
0.7419019624590873
8.586456237733348
12.09342462718484
12.79304475188252
0.8200039386749265
8.56732804924248
12.06419450789687
12.719140793383092
0.8988436684012412
8.548080730438219
12.008089466392967
12.673672217130632
0.9784190848469734
8.528735220432269
11.926254478096936
12.655469238758059
1.0587282761931418
8.509309300780284
11.824686467647528
12.658511582016915
1.1397694587707514
8.489817386865603
11.70999810099599
12.676164934039084
1.2215409442782401
8.470270274579512
11.587123677134487
12.703475332260101
1.304041129350662
8.45067481398581
11.459242896735642
12.737245734035938
1.3872684642672537
8.431033492088304
11.328331157565092
12.775486113131015
1.471221448481083
8.41134391278027
11.195630989968752
12.816942535340754
1.5558986082673076
8.3915981248021
11.061950375139691
12.860799454152556
1.6412984907627108
8.37178177088498
10.9278376534581
12.906505602598164
1.7274196445941927
8.351872998476015
10.79368353784082
12.953673002123802
1.8142606154084209
8.331841066479669
10.659781983494735
13.002017395198312
1.9018199354410172
8.311644548177705
10.526367965340588
13.051322157680952
1.9900961056351663
8.291229020059093
10.393642179667927
13.10141579955813
2.079087598621846
8.270524071156967
10.261788368225078
13.152157498896091
2.168792836368085
8.249439407885063
10.130986626446232
13.203427521884414
2.2592101886868488
8.227859799563872
10.001424804329853
13.255120718479123
2.350337959825993
8.205638512969006
9.873309455811961
13.30714193582532
2.4421743780374543
8.182588784396636
9.746877443790416
13.359402735531294
2.5347175806760798
8.158472898602476
9.622409078478796
13.411818927526442
2.627965609729291
8.132988430559625
9.500243507325635
13.464308692514868
2.7219163849949854
8.105751506984221
9.380796645581707
13.516791079938383
2.8165677040815367
8.076277802884569
9.26458111405371
13.569184777140586
2.911917212605478
8.043963664770112
9.152225811779479
13.621407060325108
3.007962392270567
8.008073173463336
9.044489414989934
13.673372864723175
3.1047005355358133
7.967742025852193
8.942256921529756
13.72499394863841
3.2021287232637428
7.922014725208272
8.846502836048588
13.776178115606275
3.3002437904477135
7.869932323694218
8.758203710615621
13.826828464865653
3.399042297899724
7.810674692690362
8.678196130692948
13.876842692494364
3.4985204905271554
7.743728694319715
8.607008759677395
13.926112402975523
3.5986742451787017
7.66901774853467
8.544732961058607
13.974522471427889
3.6994990199804327
7.586927017569533
8.490997797250733
14.021950443088972
3.8009897723794004
7.49820977896451
8.44506382644175
14.068265995383227
3.9031408861279506
7.4038250222802064
8.405985687673079
14.113330504298176
4.005946038663389
7.304777908325186
8.372771811485277
14.15699674338099
4.10939807444811
7.202008329331866
8.344496081769456
14.199108763039082
4.213488793373109
7.096334968507281
8.320354019105421
14.23950202018019
4.31820868998766
6.988440638780585
8.299677751958358
14.278003832697836
4.423546570539476
6.878880900144571
8.281927831470956
14.314434225857221
4.5294889822602284
6.7681025207042635
8.266675360500802
14.348607264459101
4.636019322276115
6.656464178860181
8.253582218289363
14.380332963168586
4.7431163728237165
6.5442560225725135
8.242382991313923
14.409419797360863
4.8507516980171195
6.431717427074903
8.232869836688026
14.435677900910338
